{
 "cells": [
  {
   "cell_type": "markdown",
   "id": "e2692209",
   "metadata": {},
   "source": [
    "# Forward Kinematics Python Examples\n",
    "\n",
    "This notebook combines Python scripts from the forward kinematics section of the robotics document, demonstrating key concepts in spatial descriptions and transformations using NumPy and SciPy."
   ]
  },
  {
   "cell_type": "markdown",
   "id": "0a56bf13",
   "metadata": {},
   "source": [
    "## 1. Rotation Matrices: Random Rotation Example\n",
    "\n",
    "This section demonstrates creating a random rotation matrix using SciPy's Rotation class, and verifies its properties such as determinant and orthogonality."
   ]
  },
  {
   "cell_type": "code",
   "execution_count": 2,
   "id": "89d62113",
   "metadata": {},
   "outputs": [
    {
     "name": "stdout",
     "output_type": "stream",
     "text": [
      "Rotation matrix:\n",
      "[[-0.00959766  0.71130811 -0.70281481]\n",
      " [-0.95041157  0.21199891  0.2275397 ]\n",
      " [ 0.31084681  0.67014717  0.67400076]]\n",
      "Determinant: 0.9999999999999999\n",
      "R^T R: [[ 1.00000000e+00 -4.63790977e-17 -2.10738696e-17]\n",
      " [-4.63790977e-17  1.00000000e+00  9.11502205e-19]\n",
      " [-2.10738696e-17  9.11502205e-19  1.00000000e+00]]\n"
     ]
    }
   ],
   "source": [
    "import numpy as np\n",
    "from scipy.spatial.transform import Rotation as R\n",
    "\n",
    "# Create a random rotation\n",
    "r = R.random()\n",
    "R_matrix = r.as_matrix()\n",
    "print(\"Rotation matrix:\")\n",
    "print(R_matrix)\n",
    "print(\"Determinant:\", np.linalg.det(R_matrix))\n",
    "print(\"R^T R:\", np.dot(R_matrix.T, R_matrix))"
   ]
  },
  {
   "cell_type": "markdown",
   "id": "fd66d3e0",
   "metadata": {},
   "source": [
    "## 2. Special Rotation Matrices\n",
    "\n",
    "This section shows how to generate rotation matrices for rotations about the principal axes (X, Y, Z) using SciPy's Rotation class with rotation vectors."
   ]
  },
  {
   "cell_type": "code",
   "execution_count": 2,
   "id": "04fb7756",
   "metadata": {},
   "outputs": [
    {
     "name": "stdout",
     "output_type": "stream",
     "text": [
      "R_X(45 degrees):\n",
      "[[ 1.          0.          0.        ]\n",
      " [ 0.          0.70710678 -0.70710678]\n",
      " [ 0.          0.70710678  0.70710678]]\n"
     ]
    }
   ],
   "source": [
    "# Rotation about x by 45 degrees\n",
    "r_X = R.from_rotvec([np.pi/4, 0, 0])\n",
    "print(\"R_X(45 degrees):\")\n",
    "print(r_X.as_matrix())\n",
    "\n",
    "# Similarly for y and z\n",
    "r_Y = R.from_rotvec([0, np.pi/4, 0])\n",
    "r_Z = R.from_rotvec([0, 0, np.pi/4])"
   ]
  },
  {
   "cell_type": "markdown",
   "id": "a3f27309",
   "metadata": {},
   "source": [
    "## 3. Composition of Rotations\n",
    "\n",
    "This section illustrates intrinsic and extrinsic composition of rotations. Intrinsic composition applies rotations relative to the body's current orientation, while extrinsic applies them relative to the fixed frame."
   ]
  },
  {
   "cell_type": "code",
   "execution_count": 3,
   "id": "8186b556",
   "metadata": {},
   "outputs": [
    {
     "name": "stdout",
     "output_type": "stream",
     "text": [
      "Intrinsic rotation matrix:\n",
      "[[ 7.07106781e-01 -2.77555756e-17  7.07106781e-01]\n",
      " [ 3.53553391e-01  8.66025404e-01 -3.53553391e-01]\n",
      " [-6.12372436e-01  5.00000000e-01  6.12372436e-01]]\n",
      "Extrinsic rotation matrix:\n",
      "[[ 7.07106781e-01  3.53553391e-01  6.12372436e-01]\n",
      " [-2.77555756e-17  8.66025404e-01 -5.00000000e-01]\n",
      " [-7.07106781e-01  3.53553391e-01  6.12372436e-01]]\n"
     ]
    }
   ],
   "source": [
    "# Define two rotations\n",
    "r1 = R.from_rotvec([np.pi/6, 0, 0])  # 30 degrees about x\n",
    "r2 = R.from_rotvec([0, np.pi/4, 0])  # 45 degrees about y\n",
    "\n",
    "# Intrinsic composition: [R] = [R1][R2]\n",
    "r_intrinsic = r1 * r2\n",
    "print(\"Intrinsic rotation matrix:\")\n",
    "print(r_intrinsic.as_matrix())\n",
    "\n",
    "# Extrinsic composition: [R] = [R2][R1]\n",
    "r_extrinsic = r2 * r1\n",
    "print(\"Extrinsic rotation matrix:\")\n",
    "print(r_extrinsic.as_matrix())"
   ]
  },
  {
   "cell_type": "markdown",
   "id": "2290e855",
   "metadata": {},
   "source": [
    "## 4. Euler Angles Conversion\n",
    "\n",
    "This section demonstrates converting Euler angles to a rotation matrix and back, showing the round-trip conversion for the XYZ sequence."
   ]
  },
  {
   "cell_type": "code",
   "execution_count": 4,
   "id": "44d50cb5",
   "metadata": {},
   "outputs": [
    {
     "name": "stdout",
     "output_type": "stream",
     "text": [
      "Rotation matrix from original angles:\n",
      "[[ 0.93629336 -0.27509585  0.21835066]\n",
      " [ 0.28962948  0.95642509 -0.03695701]\n",
      " [-0.19866933  0.0978434   0.97517033]]\n",
      "Extracted Euler angles (alpha, beta, gamma):\n",
      "[0.1 0.2 0.3]\n",
      "Difference between original and extracted:\n",
      "[0.00000000e+00 1.66533454e-16 5.55111512e-17]\n",
      "Are they close? True\n"
     ]
    }
   ],
   "source": [
    "# Given Euler angles (alpha, beta, gamma) in radians\n",
    "original_angles = np.array([0.1, 0.2, 0.3])  # example values\n",
    "\n",
    "# Generate rotation matrix from Euler angles\n",
    "r_original = R.from_euler('xyz', original_angles)\n",
    "R_matrix = r_original.as_matrix()\n",
    "print(\"Rotation matrix from original angles:\")\n",
    "print(R_matrix)\n",
    "\n",
    "# Now, use inverse kinematics to extract Euler angles\n",
    "extracted_angles = r_original.as_euler('xyz', degrees=False)\n",
    "print(\"Extracted Euler angles (alpha, beta, gamma):\")\n",
    "print(extracted_angles)\n",
    "\n",
    "# Check if they match (within numerical precision)\n",
    "difference = np.abs(original_angles - extracted_angles)\n",
    "print(\"Difference between original and extracted:\")\n",
    "print(difference)\n",
    "print(\"Are they close?\", np.allclose(original_angles, extracted_angles))"
   ]
  },
  {
   "cell_type": "markdown",
   "id": "bfd66b10",
   "metadata": {},
   "source": [
    "## 5. Homogeneous Transformations\n",
    "\n",
    "This section shows how to apply a homogeneous transformation matrix to transform a point from one coordinate frame to another."
   ]
  },
  {
   "cell_type": "code",
   "execution_count": 5,
   "id": "0b240913",
   "metadata": {},
   "outputs": [
    {
     "name": "stdout",
     "output_type": "stream",
     "text": [
      "\n",
      "Coordinates of P in frame A:\n",
      "[ 9.098 12.562  0.   ]\n"
     ]
    }
   ],
   "source": [
    "# Homogeneous transformation matrix from frame B to frame A\n",
    "A_T_B = np.array([\n",
    "    [0.866, -0.500, 0.000, 10.0],\n",
    "    [0.500,  0.866, 0.000,  5.0],\n",
    "    [0.000,  0.000, 1.000,  0.0],\n",
    "    [0.000,  0.000, 0.000,  1.0]\n",
    "])\n",
    "\n",
    "# Point P in frame B (homogeneous coordinates)\n",
    "B_P = np.array([3.0, 7.0, 0.0, 1.0])\n",
    "\n",
    "# Transform point into frame A\n",
    "A_P = A_T_B @ B_P\n",
    "\n",
    "# Extract just the 3D coordinates\n",
    "print(\"\\nCoordinates of P in frame A:\")\n",
    "print(A_P[:3])"
   ]
  },
  {
   "cell_type": "markdown",
   "id": "8177da40",
   "metadata": {},
   "source": [
    "## 6. Inverse and Compound Transformations\n",
    "\n",
    "This section demonstrates composing two homogeneous transformations and computing the inverse of the compound transformation, then applying them to a point."
   ]
  },
  {
   "cell_type": "code",
   "execution_count": 6,
   "id": "2703709a",
   "metadata": {},
   "outputs": [
    {
     "name": "stdout",
     "output_type": "stream",
     "text": [
      "Compound transformation matrix:\n",
      "[[ 0.8660254  -0.35355339  0.35355339 10.23205081]\n",
      " [ 0.5         0.61237244 -0.61237244  8.59807621]\n",
      " [ 0.          0.70710678  0.70710678  1.        ]\n",
      " [ 0.          0.          0.          1.        ]]\n",
      "Inverse transformation matrix:\n",
      "[[ 8.66025404e-01  5.00000000e-01  4.49653636e-17 -1.31602540e+01]\n",
      " [-3.53553391e-01  6.12372436e-01  7.07106781e-01 -2.35475540e+00]\n",
      " [ 3.53553391e-01 -6.12372436e-01  7.07106781e-01  9.40541835e-01]\n",
      " [ 0.00000000e+00  0.00000000e+00  0.00000000e+00  1.00000000e+00]]\n",
      "Point after compound transformation: [11.4516296   8.48570378  4.53553391]\n",
      "Point after applying inverse: [1. 2. 3.]\n"
     ]
    }
   ],
   "source": [
    "# Define two homogeneous transformations\n",
    "\n",
    "# Transformation T1: rotation by 30 degrees around z-axis, translation [10, 5, 0]\n",
    "r1 = R.from_euler('z', np.pi/6)\n",
    "T1 = np.eye(4)\n",
    "T1[:3, :3] = r1.as_matrix()\n",
    "T1[:3, 3] = [10, 5, 0]\n",
    "\n",
    "# Transformation T2: rotation by 45 degrees around x-axis, translation [2, 3, 1]\n",
    "r2 = R.from_euler('x', np.pi/4)\n",
    "T2 = np.eye(4)\n",
    "T2[:3, :3] = r2.as_matrix()\n",
    "T2[:3, 3] = [2, 3, 1]\n",
    "\n",
    "# Compound transformation: T_compound = T1 @ T2\n",
    "T_compound = T1 @ T2\n",
    "print(\"Compound transformation matrix:\")\n",
    "print(T_compound)\n",
    "\n",
    "# Inverse of the compound transformation\n",
    "T_inv = np.linalg.inv(T_compound)\n",
    "print(\"Inverse transformation matrix:\")\n",
    "print(T_inv)\n",
    "\n",
    "# Example: Apply compound transformation to a point\n",
    "P = np.array([1.0, 2.0, 3.0, 1.0])  # Point in homogeneous coordinates\n",
    "P_transformed = T_compound @ P\n",
    "print(\"Point after compound transformation:\", P_transformed[:3])\n",
    "\n",
    "# Apply inverse to get back\n",
    "P_back = T_inv @ P_transformed\n",
    "print(\"Point after applying inverse:\", P_back[:3])"
   ]
  },
  {
   "cell_type": "markdown",
   "id": "378dad9a",
   "metadata": {},
   "source": [
    "## 7. Forward Kinematics of UR5e Robot Arm\n",
    "\n",
    "This section demonstrates forward kinematics for the UR5e robot arm using the Modified Denavit-Hartenberg (DHM) parameters. The DHM convention uses parameters $a_i$, $\\alpha_i$, $d_i$, and $\\theta_i$, with positive link lengths preferred and offsets added to $\\theta$ for negative lengths.\n",
    "\n",
    "### DHM Parameters for UR5e\n",
    "\n",
    "| Joint $i$ | $a_{i}$ [mm] | $\\alpha_{i}$ [rad] | $d_{i}$ [mm] | $\\theta_{i}$ [rad] |\n",
    "|-----------|--------------|-------------------|--------------|-------------------|\n",
    "| 1         | 0            | 0                 | 162.5        | 0                 |\n",
    "| 2         | 0            | $\\frac{\\pi}{2}$   | 0            | $\\pi$             |\n",
    "| 3         | 425          | 0                 | 0            | 0                 |\n",
    "| 4         | 392.25       | 0                 | 133.3        | 0                 |\n",
    "| 5         | 0            | $-\\frac{\\pi}{2}$  | 99.7         | 0                 |\n",
    "| 6         | 0            | $\\frac{\\pi}{2}$   | 99.6         | $\\pi$             |\n",
    "\n",
    "The kinematic diagram and DHM parameters are visualized below:\n",
    "\n",
    "![UR5e Kinematic Diagram](sections/imgs/UR_DH.png)\n",
    "\n",
    "![RoboDK Software](sections/imgs/RoboDK.png)\n",
    "\n",
    "![UR5e in RoboDK](sections/imgs/UR5e_RoboDK.png)"
   ]
  },
  {
   "cell_type": "code",
   "execution_count": 1,
   "id": "8daf35c8",
   "metadata": {},
   "outputs": [
    {
     "name": "stdout",
     "output_type": "stream",
     "text": [
      "End-effector transformation matrix:\n",
      "[[-2.22044605e-16  2.22044605e-16  1.00000000e+00  4.91850000e+02]\n",
      " [-1.00000000e+00 -1.22460635e-16 -2.22044605e-16 -1.33300000e+02]\n",
      " [ 1.22460635e-16 -1.00000000e+00  2.22044605e-16  6.87200000e+02]\n",
      " [ 0.00000000e+00  0.00000000e+00  0.00000000e+00  1.00000000e+00]]\n"
     ]
    }
   ],
   "source": [
    "import numpy as np\n",
    "from scipy.spatial.transform import Rotation as R\n",
    "\n",
    "# DHM parameters for UR5e (in mm and rad)\n",
    "a = [0, 0, 425, 392.25, 0, 0]\n",
    "alpha = [0, np.pi/2, 0, 0, -np.pi/2, np.pi/2]\n",
    "d = [162.5, 0, 0, 133.3, 99.7, 99.6]\n",
    "theta_offsets = [0, np.pi, 0, 0, 0, np.pi]\n",
    "\n",
    "# Given joint angles in degrees\n",
    "joint_angles_deg = [0, -90, -90, 0, 90, 0]\n",
    "joint_angles_rad = np.deg2rad(joint_angles_deg)\n",
    "\n",
    "# Add offsets to joint angles\n",
    "theta = joint_angles_rad + theta_offsets\n",
    "\n",
    "# Function to compute DH transformation matrix\n",
    "def dh_transform(a, alpha, d, theta):\n",
    "    T = np.eye(4)\n",
    "    # Trans_x(a)\n",
    "    T[0, 3] = a\n",
    "    # Rot_x(alpha)\n",
    "    T[:3, :3] = R.from_rotvec([alpha, 0, 0]).as_matrix()\n",
    "    # Trans_z(d)\n",
    "    T_z = np.eye(4)\n",
    "    T_z[2, 3] = d\n",
    "    T = T @ T_z\n",
    "    # Rot_z(theta)\n",
    "    T_theta = np.eye(4)\n",
    "    T_theta[:3, :3] = R.from_rotvec([0, 0, theta]).as_matrix()\n",
    "    T = T @ T_theta\n",
    "    return T\n",
    "\n",
    "# Compute total transformation\n",
    "T_total = np.eye(4)\n",
    "for i in range(6):\n",
    "    T_i = dh_transform(a[i], alpha[i], d[i], theta[i])\n",
    "    T_total = T_total @ T_i\n",
    "\n",
    "print(\"End-effector transformation matrix:\")\n",
    "print(T_total)"
   ]
  }
 ],
 "metadata": {
  "kernelspec": {
   "display_name": "base",
   "language": "python",
   "name": "python3"
  },
  "language_info": {
   "codemirror_mode": {
    "name": "ipython",
    "version": 3
   },
   "file_extension": ".py",
   "mimetype": "text/x-python",
   "name": "python",
   "nbconvert_exporter": "python",
   "pygments_lexer": "ipython3",
   "version": "3.12.11"
  }
 },
 "nbformat": 4,
 "nbformat_minor": 5
}
